VERSION_4
PINHOLE
fu = 5235.9899707077057
fv = 5235.9899707077057
cu = 2462.5799999999999
cv = 1616.55
u_direction = 1 0 0
v_direction = 0 1 0
w_direction = 0 0 1
C = 1487583.909059074 -1740435.0700217525 5934253.0603035027
R = 0.80092346121236757 0.55177864154437373 -0.23251224997960784 0.59823823690576816 -0.75373158066393409 0.27202890028314758 -0.025152088561633534 -0.35697204571342284 -0.93377638511353178
pitch = 1
TSAI
k1 = -0.094141500806157755
k2 = 0.10692165388485907
p1 = 0.0011048018571014554
p2 = -0.00036406817553285989
