fu = 5157.389380848809
fv = 5087.394087101109
cu = 2447.5
cv = 1631.5
u_direction = 1  0  0
v_direction = 0  1  0
w_direction = 0  0  1
C = 0 0 0
R = 1 0 0 0 1 0 0 0 1
pitch = 1.0
TSAI
k1 = -0.10951511029791712
k2 = 0.06028355102635087
p1 = -0.0037102154888315306
p2 = 0.0008315489662505144
